40 04 41 04 00 00	W	00 1F
40 04 41 04 00 00	W	00 08
40 04 41 04 00 00	W	00 04
40 04 41 04 00 00	W	00 04
40 04 41 04 00 00	W	00 08
40 04 41 04 00 00	W	00 08
40 04 41 04 00 00	W	00 04
40 04 41 04 00 00	W	00 04
40 04 41 04 00 00	W	00 08
40 04 41 04 00 00	W	02 04
40 04 41 04 00 00	W	00 04
40 04 41 04 00 00	W	02 04
40 04 41 04 00 00	W	00 1F
40 04 41 04 00 00	W	00 1F
40 04 41 04 00 00	W	00 08
40 04 41 04 00 00	W	00 04
40 04 41 04 00 00	W	00 04
40 04 41 04 00 00	W	00 08
40 04 41 04 00 00	W	00 04
40 04 41 04 00 00	W	00 08
40 04 41 04 00 00	W	00 04
40 04 41 04 00 00	W	00 08
40 04 41 04 00 00	W	02 04
40 04 41 04 00 00	W	00 04
40 04 41 04 00 00	W	02 04
40 04 41 04 00 00	W	00 1F
